12935 0.8611 -> 0.8608 -0.0003
04423 0.9714 -> 0.9705 -0.0008
06155 0.9527 -> 0.9522 -0.0005
11583 0.9485 -> 0.9498 +0.0013
06190 0.9547 -> 0.9546 -0.0000
06441 0.9569 -> 0.9566 -0.0003
12858 0.2164 -> 0.2164 -0.0000
03964 0.9435 -> 0.9435 -0.0000
03326 0.9649 -> 0.9400 -0.0249
03896 0.4019 -> 0.4019 +0.0000
08847 0.9512 -> 0.9512 -0.0000
09082 0.9104 -> 0.9181 +0.0077
03571 0.9004 -> 0.9054 +0.0050
06032 0.9794 -> 0.9792 -0.0001
03443 0.8482 -> 0.8342 -0.0140
04448 0.5303 -> 0.5303 -0.0000
07871 0.9583 -> 0.9567 -0.0016
08843 0.8897 -> 0.8896 -0.0000
06046 0.9841 -> 0.9841 +0.0000
07874 0.9492 -> 0.9459 -0.0034
10431 0.9517 -> 0.9657 +0.0139
01315 0.9893 -> 0.9896 +0.0003
09148 0.4752 -> 0.4752 -0.0000
12952 0.2569 -> 0.2571 +0.0002
06188 0.8615 -> 0.8612 -0.0003
12989 0.8926 -> 0.8893 -0.0033
03306 0.9578 -> 0.9813 +0.0235
03615 0.9166 -> 0.8929 -0.0237
06140 0.9403 -> 0.9401 -0.0001
09107 0.4889 -> 0.4887 -0.0002
06177 0.8796 -> 0.8796 +0.0000
06497 0.5574 -> 0.5575 +0.0001
03622 0.9467 -> 0.9471 +0.0004
10407 0.8543 -> 0.8573 +0.0030
11641 0.9563 -> 0.9569 +0.0006
01068 0.9818 -> 0.9818 +0.0000
03824 0.8166 -> 0.8166 +0.0000
09099 0.5520 -> 0.5518 -0.0002
03902 0.5135 -> 0.5135 +0.0000
03360 0.6223 -> 0.6233 +0.0010
09634 0.9312 -> 0.9343 +0.0031
05814 0.8718 -> 0.8719 +0.0000
11602 0.9245 -> 0.9328 +0.0083
03319 0.9753 -> 0.9756 +0.0003
11598 0.9012 -> 0.9033 +0.0021
12959 - -> - 
12988 0.5976 -> 0.5976 -0.0000
08812 0.2393 -> 0.2388 -0.0005
03555 0.9332 -> 0.9332 +0.0000
10244 0.8950 -> 0.8982 +0.0033
10446 0.8540 -> 0.8582 +0.0042
06576 0.3912 -> 0.3912 -0.0000
05393 0.9582 -> 0.9583 +0.0000
04154 0.6823 -> 0.6822 -0.0000
05104 0.5986 -> 0.5986 -0.0000
01246 0.9901 -> 0.9898 -0.0003
11603 0.9101 -> 0.9077 -0.0024
05105 0.7535 -> 0.7535 -0.0000
12963 0.9897 -> 0.9896 -0.0001
08949 0.8366 -> 0.8426 +0.0061
07900 0.9677 -> 0.9680 +0.0002
00982 0.9829 -> 0.9828 -0.0001
00624 0.9796 -> 0.9796 -0.0001
06194 0.9873 -> 0.9874 +0.0001
09635 0.9056 -> 0.9143 +0.0086
08804 0.8208 -> 0.8212 +0.0004
08967 0.9273 -> 0.9272 -0.0001
09627 0.9272 -> 0.9340 +0.0068
06437 0.9398 -> 0.9396 -0.0002
06535 0.9723 -> 0.9713 -0.0010
06012 0.9581 -> 0.9580 -0.0001
05181 0.9007 -> 0.9004 -0.0003
11531 0.9754 -> 0.9848 +0.0093
03718 0.9516 -> 0.9521 +0.0005
05766 0.8974 -> 0.8972 -0.0002
06223 0.9293 -> 0.9282 -0.0011
07857 0.9611 -> 0.9595 -0.0016
08744 0.4445 -> 0.4445 +0.0000
06403 0.9805 -> 0.9806 +0.0000
12498 0.9158 -> 0.9158 +0.0000
06196 0.9348 -> 0.9376 +0.0029
04178 0.9959 -> 0.9950 -0.0009
08935 0.8174 -> 0.8167 -0.0007
05168 0.9491 -> 0.9488 -0.0003
12964 0.9533 -> 0.9394 -0.0140
04561 0.3157 -> 0.3157 -0.0000
04101 0.4615 -> 0.4615 -0.0001
11580 0.8629 -> 0.8624 -0.0005
10291 0.7869 -> 0.7873 +0.0004
09098 0.4383 -> 0.4383 -0.0001
01233 0.9171 -> 0.9604 +0.0434
06584 0.4589 -> 0.4590 +0.0000
03979 0.9619 -> 0.9619 +0.0000
11573 0.8844 -> 0.8818 -0.0026
08785 0.8240 -> 0.8240 +0.0000
03690 0.9716 -> 0.9714 -0.0002
05877 0.9608 -> 0.9609 +0.0001
01022 0.9407 -> 0.9408 +0.0001
08927 0.9397 -> 0.9392 -0.0005
08772 0.6855 -> 0.6621 -0.0233
06495 0.4442 -> 0.4445 +0.0003
06207 0.9483 -> 0.9480 -0.0003
07877 0.9627 -> 0.9614 -0.0012
09009 0.9314 -> 0.9404 +0.0090
12738 0.6824 -> 0.6826 +0.0002
08779 0.9017 -> 0.9018 +0.0001
03288 0.9952 -> 0.9953 +0.0000
03914 0.1865 -> 0.1865 +0.0000
09108 0.4897 -> 0.4895 -0.0002
04470 0.5552 -> 0.5552 +0.0000
06246 0.9645 -> 0.9642 -0.0003
06322 0.8744 -> 0.8745 +0.0001
07873 0.9580 -> 0.9564 -0.0016
06075 0.9755 -> 0.9755 +0.0001
12716 0.0000 -> 0.0000 +0.0000
04565 0.8924 -> 0.8925 +0.0001
10441 0.8796 -> 0.8847 +0.0051
01152 0.8092 -> 0.8092 +0.0000
06540 0.7259 -> 0.7258 -0.0000
06509 0.8782 -> 0.8782 +0.0000
12826 0.3434 -> 0.3436 +0.0002
04491 0.7090 -> 0.7090 -0.0000
04068 0.9598 -> 0.9249 -0.0350
08775 0.6120 -> 0.6221 +0.0101
06306 0.9819 -> 0.9817 -0.0002
03353 0.9621 -> 0.9613 -0.0007
03345 0.9799 -> 0.9787 -0.0013
11605 0.9218 -> 0.9278 +0.0060
01303 0.8658 -> 0.8658 +0.0000
12524 0.8957 -> 0.8957 +0.0000
03994 0.9471 -> 0.9469 -0.0003
10280 0.9205 -> 0.9393 +0.0188
08770 0.5259 -> 0.5258 -0.0001
05163 0.8697 -> 0.8688 -0.0009
06297 0.9378 -> 0.9387 +0.0009
06192 0.7657 -> 0.7658 +0.0001
03384 0.1777 -> 0.1776 -0.0001
04157 0.8701 -> 0.8687 -0.0013
06388 0.9900 -> 0.9892 -0.0008
06043 0.9468 -> 0.9473 +0.0005
06289 0.9900 -> 0.9901 +0.0001
03923 0.9703 -> 0.9701 -0.0002
06206 0.9598 -> 0.9595 -0.0002
09144 0.5103 -> 0.5103 -0.0000
00623 0.6110 -> 0.6102 -0.0008
03427 0.9542 -> 0.9539 -0.0003
06154 0.9651 -> 0.9647 -0.0005
08977 0.9865 -> 0.9863 -0.0001
08792 0.9271 -> 0.9282 +0.0011
09138 0.5141 -> 0.5141 -0.0000
10427 0.8535 -> 0.8563 +0.0028
12950 0.8325 -> 0.8284 -0.0041
06037 0.9521 -> 0.9519 -0.0002
06368 0.9964 -> 0.9965 +0.0000
04528 0.8339 -> 0.8339 +0.0000
03916 0.1865 -> 0.1865 +0.0000
12493 0.8901 -> 0.8901 +0.0000
05702 0.9750 -> 0.9750 +0.0000
06303 0.6825 -> 0.7001 +0.0176
08764 0.6578 -> 0.6672 +0.0095
06459 0.9490 -> 0.9489 -0.0001
04166 0.8306 -> 0.8647 +0.0341
04476 0.5706 -> 0.5706 +0.0000
00303 0.9825 -> 0.9831 +0.0005
05130 0.9859 -> 0.9859 +0.0001
06418 0.9349 -> 0.9346 -0.0003
04169 0.8421 -> 0.8409 -0.0012
05388 0.9340 -> 0.9340 -0.0000
03643 0.9478 -> 0.9461 -0.0017
09667 0.9386 -> 0.9227 -0.0159
01172 0.9528 -> 0.9526 -0.0002
01263 0.9777 -> 0.9777 +0.0001
09633 0.9234 -> 0.9397 +0.0163
03687 0.9461 -> 0.9461 -0.0001
07869 0.9603 -> 0.9587 -0.0016
05463 0.8818 -> 0.8818 +0.0000
05457 0.9407 -> 0.9407 +0.0000
06074 0.9894 -> 0.9894 +0.0000
00959 0.9656 -> 0.9656 +0.0000
11592 0.9245 -> 0.9187 -0.0059
01300 0.9422 -> 0.9420 -0.0002
01251 0.9861 -> 0.9861 +0.0000
07856 0.9618 -> 0.9602 -0.0016
03316 0.9773 -> 0.9770 -0.0003
03481 0.9590 -> 0.9692 +0.0102
10456 0.9065 -> 0.9028 -0.0037
04179 0.9957 -> 0.9977 +0.0020
03630 0.9312 -> 0.9310 -0.0002
08997 0.9373 -> 0.9386 +0.0012
08755 0.6134 -> 0.6237 +0.0102
07883 0.9625 -> 0.9615 -0.0010
08930 0.0126 -> 0.0126 +0.0000
11585 0.9014 -> 0.9294 +0.0281
08970 0.9879 -> 0.9879 -0.0000
11655 0.9265 -> 0.9336 +0.0070
03321 0.3251 -> 0.3180 -0.0072
03583 0.9239 -> 0.9249 +0.0010
04073 0.8355 -> 0.8461 +0.0106
06176 0.8870 -> 0.8870 -0.0000
05110 0.6148 -> 0.6148 +0.0000
00983 0.9366 -> 0.9367 +0.0001
06434 0.9472 -> 0.9471 -0.0002
03582 0.8777 -> 0.8761 -0.0017
09143 0.4610 -> 0.4610 -0.0001
03991 0.9696 -> 0.9696 -0.0001
06352 0.9556 -> 0.9556 +0.0001
05384 0.9783 -> 0.9783 +0.0000
03318 0.9686 -> 0.9701 +0.0015
03906 0.3029 -> 0.3029 -0.0000
04534 0.7863 -> 0.7863 +0.0000
11596 0.9702 -> 0.9650 -0.0052
03494 0.9764 -> 0.9572 -0.0192
08938 0.2845 -> 0.2845 +0.0000
00750 0.9853 -> 0.9856 +0.0003
08876 0.6009 -> 0.6002 -0.0007
12497 0.9028 -> 0.9028 +0.0000
11587 0.9082 -> 0.9131 +0.0049
12980 0.9333 -> 0.9329 -0.0003
06433 0.9529 -> 0.9528 -0.0001
06275 0.9927 -> 0.9927 -0.0000
06626 0.9689 -> 0.9689 +0.0000
07863 0.9608 -> 0.9592 -0.0016
06431 0.9749 -> 0.9760 +0.0011
03320 0.9299 -> 0.9451 +0.0151
09096 0.3912 -> 0.3912 -0.0000
05793 0.9896 -> 0.9898 +0.0002
06377 0.9649 -> 0.9634 -0.0015
12454 0.9555 -> 0.9614 +0.0060
03499 0.9735 -> 0.9736 +0.0001
10420 0.9759 -> 0.9810 +0.0051
04158 0.8302 -> 0.8295 -0.0007
12758 0.3556 -> 0.3682 +0.0126
05144 0.8729 -> 0.8729 -0.0000
03354 0.8913 -> 0.8938 +0.0025
04564 0.2717 -> 0.2717 +0.0000
11570 0.9048 -> 0.9077 +0.0029
06596 0.9563 -> 0.9562 -0.0001
03340 0.8872 -> 0.8760 -0.0112
_ov3 - -> - 
03640 0.8182 -> 0.8188 +0.0006
12823 0.5634 -> 0.5643 +0.0010
08816 0.4066 -> 0.4066 -0.0000
11651 0.9714 -> 0.9721 +0.0007
05071 0.4730 -> 0.4728 -0.0002
00663 0.9853 -> 0.9855 +0.0003
08837 0.9844 -> 0.9848 +0.0004
10434 0.9418 -> 0.9405 -0.0013
03610 0.9652 -> 0.9655 +0.0003
04559 0.2690 -> 0.2690 +0.0000
10840 0.8922 -> 0.8935 +0.0013
08873 0.9852 -> 0.9852 -0.0001
12745 0.3217 -> 0.3268 +0.0051
03445 0.8455 -> 0.8311 -0.0144
12423 0.9697 -> 0.9701 +0.0004
01067 0.9707 -> 0.9707 -0.0000
12901 0.3201 -> 0.2353 -0.0849
09103 0.6130 -> 0.6129 -0.0001
06307 0.9768 -> 0.9766 -0.0002
06518 0.9633 -> 0.9633 -0.0000
04153 0.3737 -> 0.3741 +0.0004
11528 0.9868 -> 0.9840 -0.0028
11588 0.9083 -> 0.9126 +0.0043
05376 0.7239 -> 0.7241 +0.0002
09150 0.4855 -> 0.4854 -0.0000
08813 0.2395 -> 0.2396 +0.0001
03442 0.8470 -> 0.8323 -0.0148
08933 0.1466 -> 0.1466 +0.0000
10240 0.8847 -> 0.8600 -0.0246
09604 0.9245 -> 0.9187 -0.0059
01064 0.9775 -> 0.9777 +0.0002
06516 0.8536 -> 0.8536 -0.0000
04050 0.9853 -> 0.9871 +0.0018
10450 0.8836 -> 0.8844 +0.0008
08961 0.9386 -> 0.9384 -0.0001
05439 0.9442 -> 0.9441 -0.0000
03740 0.9847 -> 0.9847 +0.0000
04174 0.9856 -> 0.9907 +0.0051
06085 0.8265 -> 0.8266 +0.0001
03969 0.9982 -> 0.9983 +0.0000
06102 0.9807 -> 0.9807 +0.0000
04828 0.9586 -> 0.9592 +0.0006
06282 0.9677 -> 0.9674 -0.0003
10282 0.8914 -> 0.9112 +0.0198
08708 0.9874 -> 0.9879 +0.0005
01262 0.9828 -> 0.9829 +0.0001
04745 0.9722 -> 0.9726 +0.0005
05120 0.7121 -> 0.7121 -0.0000
01058 0.8798 -> 0.8799 +0.0000
06337 0.9247 -> 0.9244 -0.0002
04502 0.5682 -> 0.5682 +0.0000
01063 0.9809 -> 0.9808 -0.0000
04824 0.9596 -> 0.9765 +0.0169
09101 0.5514 -> 0.5512 -0.0002
06178 0.9567 -> 0.9567 +0.0000
06444 0.5553 -> 0.5554 +0.0000
09626 0.8617 -> 0.9007 +0.0391
12800 0.2947 -> 0.3023 +0.0076
09151 0.4854 -> 0.4853 -0.0000
06257 0.9643 -> 0.9643 -0.0000
08805 0.9649 -> 0.9649 +0.0000

scored 298: mean before 0.8216 after 0.8220; better 34, worse 17
REGRESSIONS: 12901(-0.085) 04068(-0.035) 03326(-0.025) 10240(-0.025) 03615(-0.024) 08772(-0.023) 03494(-0.019) 09667(-0.016) 03442(-0.015) 03445(-0.014) 03443(-0.014) 12964(-0.014) 03340(-0.011)
