00861 0.9288 -> 0.9289 +0.0001
01790 0.9350 -> 0.9350 +0.0000
07144 0.9580 -> 0.9546 -0.0034
00839 0.8841 -> 0.8841 +0.0000
00855 0.9883 -> 0.9894 +0.0011
11869 0.9779 -> 0.9779 +0.0000
07554 0.9385 -> 0.9382 -0.0003
11741 0.9832 -> 0.9833 +0.0001
11506 0.9629 -> 0.9629 +0.0000
07460 0.9834 -> 0.9834 +0.0000
11684 0.9845 -> 0.9806 -0.0040
02367 0.9403 -> 0.9403 -0.0000
01983 0.9104 -> 0.9104 +0.0000
07574 0.9767 -> 0.9764 -0.0003
00645 0.9611 -> 0.9608 -0.0004
01793 0.7834 -> 0.7835 +0.0000
02429 0.7540 -> 0.7545 +0.0006
01712 0.9829 -> 0.9835 +0.0007
07526 0.9736 -> 0.9756 +0.0020
00608 0.8696 -> 0.8711 +0.0015
00679 0.9795 -> 0.9795 -0.0000
02023 0.9983 -> 0.9983 -0.0000
02446 0.9156 -> 0.9156 -0.0000
11314 0.9775 -> 0.9776 +0.0000
02397 0.9567 -> 0.9567 -0.0000
00747 0.9816 -> 0.9818 +0.0002
00544 0.9777 -> 0.9783 +0.0007
08139 0.9903 -> 0.9910 +0.0007
02391 0.9419 -> 0.9419 +0.0000
01708 0.9856 -> 0.9853 -0.0003
06698 0.7926 -> 0.7908 -0.0018
01986 0.8692 -> 0.8689 -0.0003
11500 0.9691 -> 0.9686 -0.0005
01863 0.9700 -> 0.9702 +0.0001
08978 0.9818 -> 0.9820 +0.0003
00748 0.9730 -> 0.9731 +0.0001
01690 0.7567 -> 0.7565 -0.0002
12901 0.3201 -> 0.3201 -0.0000
01652 0.8232 -> 0.8232 +0.0000
06676 0.9394 -> 0.9394 +0.0000
11882 0.9299 -> 0.9287 -0.0012
08367 0.9390 -> 0.9390 -0.0000
02240 0.7216 -> 0.7216 -0.0000
01521 0.9488 -> 0.9487 -0.0001
07638 0.9507 -> 0.9507 +0.0000
12638 0.8011 -> 0.8011 +0.0000
08333 0.9683 -> 0.9686 +0.0004
07141 0.9629 -> 0.9603 -0.0026
11740 0.9865 -> 0.9866 +0.0001
11673 0.9892 -> 0.9892 -0.0000
02408 0.8587 -> 0.8587 -0.0000
01931 0.8426 -> 0.8426 +0.0000
00648 0.9868 -> 0.9873 +0.0005
08262 0.9514 -> 0.9514 -0.0000
10151 0.9863 -> 0.9863 +0.0000
11316 0.9000 -> 0.9000 +0.0000
11428 0.9277 -> 0.9323 +0.0046
10879 0.9786 -> 0.9782 -0.0004
01769 0.9045 -> 0.9045 +0.0000
11442 0.9843 -> 0.9843 -0.0000
02815 0.9784 -> 0.9781 -0.0002
00859 0.9362 -> 0.9362 +0.0001
02478 0.9345 -> 0.9345 -0.0000
06993 0.9400 -> 0.9422 +0.0021
11363 0.9902 -> 0.9903 +0.0000
11384 0.8989 -> 0.8972 -0.0017
00604 0.9501 -> 0.9498 -0.0003
10834 0.9614 -> 0.9601 -0.0014
02983 0.7915 -> 0.7915 +0.0000
07466 0.9454 -> 0.9455 +0.0000
11449 0.9816 -> 0.9816 -0.0000
12637 0.8055 -> 0.8055 +0.0000
00577 0.9745 -> 0.9745 +0.0000
01982 0.8864 -> 0.8863 -0.0001
01912 0.9127 -> 0.9126 -0.0001
11690 0.9372 -> 0.9373 +0.0001
11859 0.9851 -> 0.9851 -0.0000
01713 0.9904 -> 0.9904 -0.0000
01812 0.9323 -> 0.9321 -0.0002
02385 0.9504 -> 0.9504 +0.0000
02100 0.7946 -> 0.7946 +0.0000
00663 0.9853 -> 0.9853 -0.0000
11176 0.9854 -> 0.9855 +0.0001
01980 0.9597 -> 0.9594 -0.0002
01710 0.9830 -> 0.9837 +0.0007
11423 0.9448 -> 0.9490 +0.0042
01626 0.8727 -> 0.8727 +0.0000
01709 0.9841 -> 0.9843 +0.0002
02388 0.8653 -> 0.8654 +0.0001
11744 0.9729 -> 0.9729 +0.0000
02452 0.9504 -> 0.9503 -0.0000
00719 0.9626 -> 0.9629 +0.0002
10825 0.9914 -> 0.9914 -0.0000
02274 0.8132 -> 0.8132 +0.0000
07468 0.9919 -> 0.9918 -0.0001
00826 0.9752 -> 0.9752 +0.0000
11030 0.9623 -> 0.9623 +0.0001
07577 0.9705 -> 0.9702 -0.0004
10144 0.9842 -> 0.9843 +0.0001
11534 0.9454 -> 0.9455 +0.0001
06697 0.7948 -> 0.7930 -0.0018
08107 0.9028 -> 0.9028 +0.0000
07553 0.9377 -> 0.9374 -0.0003
06686 0.9827 -> 0.9827 +0.0000
02034 0.8869 -> 0.8869 +0.0000
01976 0.9096 -> 0.9094 -0.0002
10131 0.9785 -> 0.9785 +0.0000
10737 0.9677 -> 0.9675 -0.0001
01946 0.9871 -> 0.9870 -0.0001
02891 0.9184 -> 0.9184 +0.0000
07600 0.9231 -> 0.9232 +0.0001
11682 0.9783 -> 0.9783 +0.0000
12617 0.8010 -> 0.8010 +0.0000
01583 0.9530 -> 0.9530 -0.0000
02512 0.8899 -> 0.8899 -0.0000
08366 0.9684 -> 0.9696 +0.0011
01810 0.9935 -> 0.9936 +0.0000
02510 0.8904 -> 0.8904 -0.0000
11216 0.9729 -> 0.9729 +0.0000
07579 0.9703 -> 0.9702 -0.0001
11224 0.9574 -> 0.9575 +0.0000
00757 0.9483 -> 0.9490 +0.0007
02988 0.9485 -> 0.9485 -0.0000
07477 0.9740 -> 0.9739 -0.0001
11503 0.9676 -> 0.9671 -0.0005
02036 0.7347 -> 0.7347 -0.0000
01677 0.7946 -> 0.7946 -0.0000
06321 0.9525 -> 0.9525 +0.0000
02020 0.9977 -> 0.9977 -0.0000
06990 0.9386 -> 0.9408 +0.0022
11381 0.9020 -> 0.9004 -0.0017
02647 0.9764 -> 0.9765 +0.0001
02941 0.9112 -> 0.9112 +0.0000
00590 0.9581 -> 0.9572 -0.0009
09908 0.9465 -> 0.9462 -0.0003
11424 0.9214 -> 0.9428 +0.0214
01730 0.9878 -> 0.9877 -0.0001
08223 0.9607 -> 0.9607 -0.0000
01880 0.7840 -> 0.7840 +0.0000
01608 0.8938 -> 0.8938 -0.0000
00916 0.9831 -> 0.9854 +0.0023
10891 0.9511 -> 0.9515 +0.0004
04831 0.9437 -> 0.9435 -0.0001
01579 0.9620 -> 0.9620 -0.0000
02095 0.7852 -> 0.7852 +0.0000
02432 0.6851 -> 0.6851 -0.0000
10132 0.9837 -> 0.9838 +0.0001
03618 0.7482 -> 0.7450 -0.0031
00854 0.9850 -> 0.9854 +0.0004
00691 0.9925 -> 0.9925 -0.0000
00639 0.9851 -> 0.9856 +0.0005
07592 0.8578 -> 0.8587 +0.0009
11349 0.9538 -> 0.9540 +0.0002
01907 0.9376 -> 0.9376 +0.0001
02093 0.7901 -> 0.7901 +0.0000
00709 0.9853 -> 0.9853 -0.0000
01767 0.9740 -> 0.9740 -0.0000
04796 0.9868 -> 0.9869 +0.0000
08476 0.8480 -> 0.8479 -0.0001
10919 0.9743 -> 0.9744 +0.0000
07524 0.9743 -> 0.9774 +0.0032
00486 0.9574 -> 0.9578 +0.0003
08524 0.8205 -> 0.8200 -0.0005
11223 0.9251 -> 0.9251 +0.0001
10534 0.9871 -> 0.9871 +0.0000
01768 0.6606 -> 0.6605 -0.0001
01955 0.9090 -> 0.9090 -0.0000
11509 0.9214 -> 0.9428 +0.0214
11217 0.9828 -> 0.9828 -0.0000
08499 0.9453 -> 0.9452 -0.0001
06644 0.9687 -> 0.9686 -0.0000
10546 0.9806 -> 0.9806 +0.0000
01888 0.9925 -> 0.9925 -0.0000
07039 0.9675 -> 0.9676 +0.0001
02927 0.9583 -> 0.9582 -0.0002
07587 0.9812 -> 0.9811 -0.0001
11443 0.9814 -> 0.9814 -0.0000
02767 0.9946 -> 0.9947 +0.0001
01781 0.7953 -> 0.7953 -0.0000
01787 0.7708 -> 0.7706 -0.0002
01817 0.9934 -> 0.9934 -0.0000
01586 0.9692 -> 0.9690 -0.0001
11649 0.9112 -> 0.9112 -0.0000
10824 0.9913 -> 0.9913 -0.0000
07436 0.9476 -> 0.9481 +0.0005
01981 0.8902 -> 0.8900 -0.0001
08136 0.9068 -> 0.8767 -0.0301
08979 0.9653 -> 0.9654 +0.0000
09801 0.9734 -> 0.9734 -0.0000
01676 0.9696 -> 0.9696 +0.0000
07608 0.9325 -> 0.9326 +0.0001
01883 0.8635 -> 0.8637 +0.0001
02498 0.8676 -> 0.8676 -0.0000
07370 0.9593 -> 0.9597 +0.0005
11377 0.9639 -> 0.9640 +0.0000
02887 0.9798 -> 0.9798 +0.0000
01698 0.8307 -> 0.8310 +0.0002
01749 0.9831 -> 0.9825 -0.0006
11569 0.9917 -> 0.9914 -0.0003
07471 0.9898 -> 0.9898 -0.0001
08192 0.8829 -> 0.8833 +0.0004
01842 0.6674 -> 0.6676 +0.0002
03038 0.8921 -> 0.8921 +0.0000
00636 0.9814 -> 0.9820 +0.0006
01686 0.7745 -> 0.7745 +0.0000
00754 0.9577 -> 0.9584 +0.0008
01815 0.8115 -> 0.8118 +0.0003
07448 0.9597 -> 0.9605 +0.0008
02327 0.8138 -> 0.8138 -0.0000
01313 0.7915 -> 0.7916 +0.0000
01685 0.7640 -> 0.7640 +0.0000
11026 0.9899 -> 0.9898 -0.0001
08327 0.9775 -> 0.9457 -0.0318
02511 0.8901 -> 0.8901 -0.0000
11208 0.9662 -> 0.9663 +0.0000
02021 0.9971 -> 0.9971 +0.0000
01844 0.8424 -> 0.8425 +0.0000
07084 0.8391 -> 0.8392 +0.0000
02925 0.9609 -> 0.9608 -0.0001
08179 0.8005 -> 0.8006 +0.0001
07140 0.9639 -> 0.9620 -0.0019
03056 0.8233 -> 0.8233 -0.0000
00632 0.8631 -> 0.8307 -0.0324
07459 0.9793 -> 0.9794 +0.0000
01773 0.4578 -> 0.4578 -0.0000
01987 0.8919 -> 0.8918 -0.0001
07555 0.9257 -> 0.9254 -0.0003
00622 0.9648 -> 0.9656 +0.0008
07455 0.9788 -> 0.9788 +0.0000
07446 0.9809 -> 0.9810 +0.0000
11680 0.9754 -> 0.9755 +0.0000
08352 0.9838 -> 0.9839 +0.0000
02437 0.7766 -> 0.8080 +0.0315
07563 0.8845 -> 0.8844 -0.0001
11681 0.9743 -> 0.9744 +0.0000
10184 0.9446 -> 0.9446 +0.0000
01802 0.9888 -> 0.9887 -0.0001
00638 0.9619 -> 0.9607 -0.0013
00824 0.9164 -> 0.9164 +0.0000
07480 0.9814 -> 0.9813 -0.0000
07096 0.9234 -> 0.9234 -0.0001
09368 0.9574 -> 0.9574 +0.0000
10914 0.9845 -> 0.9806 -0.0040
01747 0.9521 -> 0.9521 +0.0000
02449 0.9216 -> 0.9216 -0.0000
11380 0.9169 -> 0.9154 -0.0015
02362 0.9028 -> 0.9028 -0.0000
11486 0.9842 -> 0.9842 +0.0000
11427 0.9277 -> 0.9323 +0.0046
02928 0.9875 -> 0.9876 +0.0000
10003 0.9865 -> 0.9865 +0.0001
11417 0.9867 -> 0.9866 -0.0000
01764 0.9535 -> 0.9533 -0.0002
07452 0.9742 -> 0.9743 +0.0001
00637 0.9627 -> 0.9616 -0.0011
00737 0.9805 -> 0.9809 +0.0004
10178 0.9584 -> 0.9569 -0.0015
02465 0.8337 -> 0.8338 +0.0001
10923 0.9904 -> 0.9904 -0.0000
01682 0.7727 -> 0.7727 +0.0000
10924 0.9870 -> 0.9871 +0.0001
01990 0.9069 -> 0.9069 +0.0000
04829 0.9593 -> 0.9593 -0.0001
11777 0.9811 -> 0.9811 -0.0000
11389 0.9612 -> 0.9612 +0.0000
02875 0.9672 -> 0.9672 +0.0000
03009 0.9442 -> 0.9442 -0.0000
07473 0.9026 -> 0.9027 +0.0001
01585 0.9805 -> 0.9804 -0.0000
00702 0.9754 -> 0.9755 +0.0001
00870 0.9664 -> 0.9670 +0.0006
00064 0.7629 -> 0.7629 +0.0000
02487 0.9316 -> 0.9316 -0.0000
03666 0.9694 -> 0.9694 -0.0000
02024 0.9962 -> 0.9962 -0.0000
07101 0.9710 -> 0.9711 +0.0000
07085 0.8393 -> 0.8394 +0.0000
11027 0.9897 -> 0.9895 -0.0002
10901 0.9504 -> 0.9511 +0.0007
11508 0.9476 -> 0.9546 +0.0070
12900 0.5961 -> 0.0876 -0.5084
10896 0.9504 -> 0.9511 +0.0007
00851 0.9259 -> 0.9254 -0.0006
11258 0.9807 -> 0.9807 -0.0000
10791 0.9488 -> 0.9501 +0.0013
00773 0.9603 -> 0.9603 -0.0000
02398 0.9446 -> 0.9446 -0.0000
10149 0.9835 -> 0.9835 +0.0001
07544 0.9893 -> 0.9892 -0.0001
01761 0.7508 -> 0.7508 +0.0000
02898 0.9180 -> 0.9181 +0.0000
01891 0.9800 -> 0.9801 +0.0001
12864 0.9524 -> 0.9751 +0.0226
02405 0.9834 -> 0.9834 +0.0000
01771 0.9249 -> 0.9245 -0.0003
07434 0.9556 -> 0.9578 +0.0022
02237 0.7334 -> 0.7334 -0.0000
11997 0.9761 -> 0.9761 -0.0000
07138 0.9666 -> 0.9654 -0.0012
02778 0.9569 -> 0.9569 -0.0000
11437 0.9834 -> 0.9833 -0.0000
08159 0.9299 -> 0.9297 -0.0002
02823 0.9263 -> 0.9243 -0.0020
01703 0.9207 -> 0.9208 +0.0001
03065 0.9842 -> 0.9842 +0.0000
06312 0.8651 -> 0.8652 +0.0000
04629 0.9386 -> 0.9386 +0.0000
07534 0.9710 -> 0.9711 +0.0000
10835 0.9506 -> 0.9506 +0.0001
07061 0.9669 -> 0.9670 +0.0001
01732 0.9854 -> 0.9855 +0.0001
07204 0.9939 -> 0.9939 -0.0000
02966 0.9785 -> 0.9785 +0.0000
11870 0.9888 -> 0.9888 -0.0000
01962 0.9474 -> 0.9476 +0.0001
01753 0.8695 -> 0.8695 -0.0000
11414 0.9882 -> 0.9881 -0.0000
02816 0.9874 -> 0.9875 +0.0001
01824 0.8118 -> 0.8120 +0.0003
01746 0.6577 -> 0.6575 -0.0002
01956 0.9407 -> 0.9407 +0.0000
02424 0.7503 -> 0.7504 +0.0001
02939 0.9137 -> 0.9137 +0.0000
11391 0.9598 -> 0.9598 -0.0000
01989 0.9036 -> 0.9033 -0.0003
01750 0.9517 -> 0.9515 -0.0002
01975 0.9121 -> 0.9120 -0.0002
02099 0.7923 -> 0.7920 -0.0002
11415 0.9867 -> 0.9866 -0.0000
08362 0.9711 -> 0.9719 +0.0007
10746 0.9783 -> 0.9783 +0.0000
00706 0.9852 -> 0.9852 -0.0001
10142 0.9878 -> 0.9877 -0.0001
07584 0.9526 -> 0.9526 -0.0000
00793 0.9890 -> 0.9890 +0.0000
08359 0.9838 -> 0.9839 +0.0000
01918 0.8819 -> 0.8818 -0.0000
02494 0.9925 -> 0.9924 -0.0001
10391 0.8768 -> 0.8770 +0.0003
10148 0.8575 -> 0.8576 +0.0001
01552 0.9732 -> 0.9732 +0.0000
06961 0.9815 -> 0.9811 -0.0005
02431 0.6842 -> 0.6842 -0.0000
11435 0.9835 -> 0.9834 -0.0001
00823 0.7727 -> 0.7727 +0.0000
12939 0.0001 -> 0.0001 +0.0000
08263 0.9466 -> 0.9465 -0.0000
02763 0.9775 -> 0.9775 -0.0000
00630 0.9673 -> 0.9672 -0.0000
11376 0.9639 -> 0.9640 +0.0000
04620 0.9327 -> 0.9325 -0.0001
12681 0.9914 -> 0.9914 +0.0000
11538 0.9521 -> 0.9521 -0.0000
01760 0.9962 -> 0.9963 +0.0000
00683 0.9903 -> 0.9903 -0.0000
06992 0.9370 -> 0.9394 +0.0024
00909 0.9474 -> 0.9474 -0.0000
01734 0.9853 -> 0.9853 +0.0001
02035 0.8074 -> 0.8075 +0.0001
01752 0.8692 -> 0.8691 -0.0000
02859 0.9855 -> 0.9856 +0.0001
02459 0.9504 -> 0.9504 -0.0000
07203 0.9818 -> 0.9818 -0.0000
04586 0.9841 -> 0.9841 +0.0000
01908 0.8999 -> 0.9000 +0.0001
02998 0.8886 -> 0.8887 +0.0000
10916 0.9846 -> 0.9806 -0.0040
07433 0.9702 -> 0.9703 +0.0001
07543 0.9890 -> 0.9889 -0.0001
01518 0.9705 -> 0.9704 -0.0001
00612 0.9483 -> 0.9480 -0.0003
07507 0.7200 -> 0.7201 +0.0000
07139 0.9650 -> 0.9631 -0.0019
07499 0.9622 -> 0.9622 +0.0000
06720 0.9911 -> 0.9911 +0.0000
09380 0.8030 -> 0.8030 +0.0000
11479 0.9664 -> 0.9661 -0.0003
00725 0.9528 -> 0.9528 -0.0000
02238 0.7315 -> 0.7315 -0.0000
02426 0.7543 -> 0.7543 +0.0001
02094 0.7913 -> 0.7913 +0.0000
02273 0.8122 -> 0.8122 -0.0000
10954 0.9659 -> 0.9666 +0.0007
11462 0.9666 -> 0.9666 +0.0000
00829 0.9874 -> 0.9873 -0.0000
08845 0.9739 -> 0.9738 -0.0001
02387 0.8649 -> 0.8650 +0.0001
02462 0.9497 -> 0.9497 -0.0000
02505 0.9520 -> 0.9520 -0.0000
07562 0.9003 -> 0.9002 -0.0001
06673 0.9893 -> 0.9893 -0.0000
00825 0.9204 -> 0.9204 +0.0000
10133 0.9811 -> 0.9811 -0.0000
08360 0.9496 -> 0.9495 -0.0000
02895 0.9180 -> 0.9181 +0.0000
01587 0.9513 -> 0.9513 -0.0000
11676 0.9845 -> 0.9806 -0.0040
02407 0.9835 -> 0.9835 +0.0000
07597 0.9349 -> 0.9349 +0.0001
01748 0.9849 -> 0.9850 +0.0000
10004 0.9832 -> 0.9832 +0.0001
10009 0.9865 -> 0.9866 +0.0001
10010 0.9832 -> 0.9833 +0.0001
10071 0.9638 -> 0.9637 -0.0001
10072 0.9851 -> 0.9850 -0.0001
10162 0.9556 -> 0.9557 +0.0000
10313 0.9983 -> 0.9983 +0.0000
10850 0.9402 -> 0.9414 +0.0012
10851 0.9355 -> 0.9369 +0.0014
10855 0.9783 -> 0.9785 +0.0002
10856 0.9857 -> 0.9858 +0.0001
10878 0.9299 -> 0.9287 -0.0012
10885 0.9862 -> 0.9862 -0.0000
10894 0.9374 -> 0.9388 +0.0014
10897 0.9374 -> 0.9388 +0.0014
10902 0.9374 -> 0.9388 +0.0014
10911 0.9892 -> 0.9892 -0.0000
10981 0.9869 -> 0.9869 -0.0000
11213 0.9815 -> 0.9834 +0.0019
11222 0.9391 -> 0.9391 +0.0000
11236 0.9795 -> 0.9794 -0.0001
11247 0.9794 -> 0.9793 -0.0000
11259 0.9795 -> 0.9794 -0.0001
11315 0.9718 -> 0.9718 -0.0000
11342 0.9639 -> 0.9640 +0.0000
11343 0.9639 -> 0.9640 +0.0000
11351 0.9760 -> 0.9593 -0.0167
11369 0.9766 -> 0.9601 -0.0165
11370 0.9765 -> 0.9765 -0.0000
11387 0.9777 -> 0.9777 -0.0000
11388 0.9771 -> 0.9771 -0.0000
11406 0.9505 -> 0.9505 -0.0000
11407 0.9749 -> 0.9847 +0.0098
11409 0.9742 -> 0.9841 +0.0098
11410 0.9757 -> 0.9853 +0.0097
11422 0.9277 -> 0.9323 +0.0046
11425 0.9214 -> 0.9428 +0.0214
11426 0.9139 -> 0.9414 +0.0274
11429 0.8819 -> 0.8865 +0.0046
11432 0.9864 -> 0.9864 -0.0000
11433 0.9851 -> 0.9850 -0.0001
11434 0.9835 -> 0.9834 -0.0001
11438 0.9889 -> 0.9889 -0.0000
11439 0.9834 -> 0.9833 -0.0000
11446 0.9864 -> 0.9864 +0.0000
11447 0.9864 -> 0.9864 +0.0000
11448 0.9843 -> 0.9843 -0.0000
11450 0.9820 -> 0.9820 -0.0000
11454 0.9843 -> 0.9843 -0.0000
11455 0.9613 -> 0.9613 +0.0000
11456 0.9811 -> 0.9811 +0.0000
11510 0.7598 -> 0.7614 +0.0015
11511 0.9447 -> 0.9443 -0.0003
11520 0.9848 -> 0.9848 -0.0000
11533 0.9502 -> 0.9496 -0.0006
11535 0.9774 -> 0.9774 +0.0000
11536 0.9843 -> 0.9843 -0.0000
11594 0.9001 -> 0.9001 -0.0000
11616 0.8628 -> 0.8628 -0.0000
11617 0.7952 -> 0.7952 +0.0000
11618 0.9133 -> 0.9133 +0.0000
11619 0.7013 -> 0.7013 -0.0000
11648 0.9177 -> 0.9176 -0.0000
11883 0.9786 -> 0.9782 -0.0004
12007 0.9766 -> 0.9601 -0.0165
12008 0.9765 -> 0.9765 -0.0000
12014 0.9476 -> 0.9546 +0.0070
12015 0.7598 -> 0.7614 +0.0015
12640 0.9546 -> 0.9546 +0.0000
12776 0.5060 -> 0.5095 +0.0035
12795 - -> - 
12860 0.7200 -> 0.7610 +0.0411
12905 0.0152 -> 0.0131 -0.0022
12908 0.4916 -> 0.6187 +0.1271
00099 0.8409 -> 0.8409 +0.0000
00485 0.9579 -> 0.9582 +0.0003
00488 0.9566 -> 0.9570 +0.0003
00489 0.9313 -> 0.9316 +0.0003
00490 0.9318 -> 0.9322 +0.0003
00491 0.9571 -> 0.9574 +0.0003
00543 0.9776 -> 0.9783 +0.0007
00576 0.9718 -> 0.9717 -0.0000
00578 0.9879 -> 0.9879 +0.0000
00595 0.9893 -> 0.9900 +0.0007
00649 0.9814 -> 0.9807 -0.0007
00687 0.9526 -> 0.9526 +0.0000
00689 0.9925 -> 0.9925 +0.0000
00690 0.9925 -> 0.9925 -0.0000
00727 0.8547 -> 0.8547 -0.0000
00728 0.8092 -> 0.8089 -0.0003
00729 0.8077 -> 0.8074 -0.0003
00730 0.7787 -> 0.7783 -0.0003
00731 0.8309 -> 0.8311 +0.0002
00732 0.9322 -> 0.9319 -0.0003
00734 0.9506 -> 0.9507 +0.0001
00736 0.9503 -> 0.9504 +0.0001
00740 0.9503 -> 0.9504 +0.0001
00741 0.9805 -> 0.9809 +0.0004
00742 0.9902 -> 0.9902 +0.0000
00745 0.9736 -> 0.9736 +0.0000
00752 0.9545 -> 0.9557 +0.0013
00753 0.9600 -> 0.9608 +0.0008
00756 0.9531 -> 0.9538 +0.0007
00770 0.9700 -> 0.9700 +0.0000
00771 0.9696 -> 0.9696 +0.0000
00772 0.9727 -> 0.9727 +0.0000
00774 0.9757 -> 0.9758 +0.0002
00777 0.9757 -> 0.9758 +0.0002
00811 0.9890 -> 0.9890 +0.0000
00827 0.9726 -> 0.9726 +0.0001
00828 0.9851 -> 0.9847 -0.0004
00832 0.9893 -> 0.9826 -0.0067
00836 0.9289 -> 0.9289 +0.0000
00837 0.9346 -> 0.9346 +0.0000
00838 0.9581 -> 0.9581 +0.0000
00841 0.9797 -> 0.9797 -0.0000
00849 0.9566 -> 0.9566 -0.0000
00852 0.9520 -> 0.9520 +0.0000
00853 0.9185 -> 0.9623 +0.0438
00856 0.9631 -> 0.9595 -0.0035
00860 0.9599 -> 0.9599 +0.0001
00862 0.9879 -> 0.9879 -0.0000
00863 0.8790 -> 0.8790 +0.0000
00869 0.9671 -> 0.9670 -0.0000
00915 0.9847 -> 0.9850 +0.0003
01519 0.9707 -> 0.9706 -0.0001
01520 0.9633 -> 0.9633 -0.0001
01578 0.9788 -> 0.9788 -0.0000
01580 0.9680 -> 0.9680 -0.0000
01581 0.9531 -> 0.9531 -0.0000
01584 0.9511 -> 0.9510 -0.0000
01733 0.9816 -> 0.9817 +0.0001
01839 0.8452 -> 0.8452 +0.0000
01840 0.8463 -> 0.8463 +0.0000
01843 0.8430 -> 0.8430 +0.0000
01845 0.9411 -> 0.9411 +0.0000
01873 0.8448 -> 0.8448 +0.0000
02041 0.8918 -> 0.8918 +0.0000
02235 0.8296 -> 0.8297 +0.0000
02239 0.7341 -> 0.7341 -0.0000
02268 0.8945 -> 0.8945 +0.0000
02271 0.9696 -> 0.9696 -0.0000
02306 0.8596 -> 0.8596 -0.0000
02307 0.8583 -> 0.8583 -0.0000
02313 0.9621 -> 0.9621 +0.0000
02314 0.9620 -> 0.9620 +0.0000
02318 0.9620 -> 0.9620 +0.0000
02326 0.9308 -> 0.9308 +0.0000
02363 0.8956 -> 0.8956 +0.0000
02364 0.9518 -> 0.9518 -0.0000
02365 0.9459 -> 0.9459 +0.0000
02366 0.9428 -> 0.9428 -0.0000
02378 0.8168 -> 0.8168 -0.0000
02379 0.9590 -> 0.9590 +0.0000
02393 0.9399 -> 0.9399 +0.0000
02394 0.9353 -> 0.9353 +0.0000
02396 0.9337 -> 0.9338 +0.0000
02399 0.9441 -> 0.9441 -0.0000
02402 0.9603 -> 0.9603 -0.0000
02409 0.8584 -> 0.8584 -0.0000
02410 0.9505 -> 0.9505 -0.0000
02427 0.7514 -> 0.7514 +0.0001
02433 0.6843 -> 0.6877 +0.0034
02434 0.4391 -> 0.4397 +0.0007
02435 0.7743 -> 0.7745 +0.0001
02436 0.7623 -> 0.7621 -0.0001
02442 0.9503 -> 0.9503 +0.0000
02443 0.9504 -> 0.9504 +0.0000
02448 0.9269 -> 0.9269 -0.0000
02483 0.9278 -> 0.9278 +0.0001
02484 0.9210 -> 0.9211 +0.0001
02485 0.9233 -> 0.9233 +0.0000
02493 0.9936 -> 0.9935 -0.0001
02496 0.9366 -> 0.9366 -0.0000
02497 0.8958 -> 0.8958 -0.0000
02501 0.9358 -> 0.9358 -0.0000
02502 0.9112 -> 0.9112 +0.0000
02506 0.9520 -> 0.9520 -0.0000
02507 0.9522 -> 0.9522 -0.0000
02508 0.9520 -> 0.9520 -0.0000
02517 0.9021 -> 0.9020 -0.0001
02741 0.9054 -> 0.9054 +0.0000
02874 0.9672 -> 0.9672 +0.0000
02876 0.9671 -> 0.9671 +0.0000
02892 0.9187 -> 0.9188 +0.0000
02893 0.9181 -> 0.9181 +0.0000
02894 0.8537 -> 0.8536 -0.0002
02897 0.9178 -> 0.9178 +0.0000
02899 0.9185 -> 0.9185 +0.0000
02901 0.9182 -> 0.9182 +0.0000
02902 0.9182 -> 0.9182 +0.0000
02934 0.9137 -> 0.9137 +0.0000
02935 0.8597 -> 0.8598 +0.0000
02936 0.9318 -> 0.9318 +0.0000
02937 0.9286 -> 0.9286 +0.0000
02938 0.9137 -> 0.9137 +0.0000
02942 0.8926 -> 0.8926 +0.0000
03283 0.6149 -> 0.7097 +0.0948
03284 0.7546 -> 0.8154 +0.0608
04268 0.8652 -> 0.8650 -0.0002
04593 0.9559 -> 0.9558 -0.0001
04604 0.9534 -> 0.9533 -0.0002
04615 0.8323 -> 0.8321 -0.0002
04621 0.9601 -> 0.9601 +0.0001
05112 0.9710 -> 0.9710 -0.0000
06313 0.9883 -> 0.9884 +0.0000
06315 0.8654 -> 0.8655 +0.0000
06316 0.9571 -> 0.9572 +0.0001
06317 0.9789 -> 0.9789 +0.0000
06318 0.9670 -> 0.9673 +0.0003
06319 0.9885 -> 0.9886 +0.0000
06320 0.9885 -> 0.9886 +0.0000
06322 0.8744 -> 0.8744 +0.0000
06323 0.8668 -> 0.8668 -0.0000
06324 0.8502 -> 0.8502 -0.0000
06326 0.8306 -> 0.8306 -0.0001
06327 0.8039 -> 0.8040 +0.0001
06328 0.8034 -> 0.8033 -0.0001
06329 0.7975 -> 0.7982 +0.0006
06330 0.9015 -> 0.9032 +0.0017
06343 0.9792 -> 0.9793 +0.0001
06654 0.9707 -> 0.9708 +0.0001
06661 0.9874 -> 0.9870 -0.0005
06726 0.9807 -> 0.9807 +0.0000
06727 0.8558 -> 0.8558 +0.0000
06946 0.9475 -> 0.9478 +0.0003
06947 0.9475 -> 0.9478 +0.0003
07036 0.9842 -> 0.9842 -0.0000
07037 0.9842 -> 0.9841 -0.0000
07038 0.9756 -> 0.9755 -0.0000
07046 0.9877 -> 0.9875 -0.0002
07047 0.9718 -> 0.9717 -0.0001
07074 0.9754 -> 0.9753 -0.0001
07075 0.9769 -> 0.9768 -0.0001
07076 0.9495 -> 0.9496 +0.0001
07077 0.9482 -> 0.9482 +0.0000
07078 0.9474 -> 0.9474 +0.0000
07079 0.9464 -> 0.9464 +0.0001
07080 0.9525 -> 0.9525 +0.0000
07081 0.8504 -> 0.8504 +0.0000
07083 0.8373 -> 0.8373 +0.0000
07091 0.9253 -> 0.9260 +0.0007
07092 0.9234 -> 0.9234 -0.0001
07094 0.9253 -> 0.9260 +0.0007
07112 0.9780 -> 0.9778 -0.0002
07113 0.9886 -> 0.9887 +0.0000
07133 0.9727 -> 0.9720 -0.0007
07137 0.9747 -> 0.9754 +0.0007
07368 0.9773 -> 0.9772 -0.0001
07369 0.9640 -> 0.9641 +0.0001
07371 0.9534 -> 0.9540 +0.0006
07372 0.9523 -> 0.9531 +0.0008
07426 0.9516 -> 0.9516 -0.0000
07427 0.9653 -> 0.9671 +0.0018
07435 0.9798 -> 0.9800 +0.0002
07442 0.9369 -> 0.9369 -0.0000
07443 0.9331 -> 0.9331 -0.0000
07449 0.9582 -> 0.9588 +0.0006
07450 0.9578 -> 0.9585 +0.0007
07451 0.9535 -> 0.9534 -0.0001
07453 0.9721 -> 0.9722 +0.0001
07454 0.9791 -> 0.9791 +0.0000
07456 0.9780 -> 0.9781 +0.0000
07457 0.9747 -> 0.9747 -0.0000
07461 0.9749 -> 0.9749 +0.0000
07465 0.9387 -> 0.9387 +0.0000
07467 0.9748 -> 0.9747 -0.0001
07470 0.9915 -> 0.9914 -0.0001
07472 0.9843 -> 0.9842 -0.0001
07513 0.9337 -> 0.9335 -0.0002
07516 0.9674 -> 0.9685 +0.0011
07517 0.9601 -> 0.9607 +0.0006
07535 0.9702 -> 0.9702 -0.0000
07536 0.9678 -> 0.9679 +0.0000
07572 0.9675 -> 0.9676 +0.0001
07573 0.9572 -> 0.9573 +0.0001
07575 0.9750 -> 0.9747 -0.0003
07576 0.9730 -> 0.9727 -0.0004
07578 0.9702 -> 0.9697 -0.0004
07580 0.9652 -> 0.9654 +0.0003
07581 0.9638 -> 0.9628 -0.0010
07583 0.9537 -> 0.9537 -0.0000
07585 0.9818 -> 0.9818 -0.0001
07586 0.9817 -> 0.9816 -0.0001
07588 0.9807 -> 0.9806 -0.0001
07589 0.9753 -> 0.9752 -0.0001
07590 0.9684 -> 0.9682 -0.0001
07591 0.8607 -> 0.8615 +0.0009
07594 0.8865 -> 0.8877 +0.0013
07595 0.9708 -> 0.9712 +0.0005
07596 0.9390 -> 0.9391 +0.0001
07598 0.9286 -> 0.9287 +0.0001
07599 0.9226 -> 0.9227 +0.0001
07601 0.9226 -> 0.9226 +0.0001
07602 0.9188 -> 0.9188 +0.0001
07603 0.9143 -> 0.9144 +0.0001
07605 0.9123 -> 0.9124 +0.0000
07606 0.8896 -> 0.8896 +0.0000
07607 0.8793 -> 0.8794 +0.0000
07613 0.9435 -> 0.9443 +0.0008
07614 0.9461 -> 0.9470 +0.0009
07615 0.9461 -> 0.9471 +0.0009
07616 0.9456 -> 0.9465 +0.0009
07617 0.9462 -> 0.9472 +0.0009
08106 0.8952 -> 0.8952 +0.0000
08108 0.9077 -> 0.9077 -0.0000
08137 0.9808 -> 0.9825 +0.0016
08138 0.9808 -> 0.9825 +0.0016
08140 0.9773 -> 0.9681 -0.0092
08153 0.9294 -> 0.9292 -0.0002
08154 0.9412 -> 0.9413 +0.0000
08178 0.8101 -> 0.8102 +0.0001
08180 0.9672 -> 0.9671 -0.0001
08181 0.9156 -> 0.9160 +0.0004
08183 0.9355 -> 0.9349 -0.0006
08184 0.9313 -> 0.9307 -0.0006
08185 0.9312 -> 0.9305 -0.0007
08186 0.9608 -> 0.9613 +0.0004
08187 0.9566 -> 0.9571 +0.0004
08188 0.9558 -> 0.9562 +0.0003
08189 0.9145 -> 0.9108 -0.0037
08190 0.8920 -> 0.8922 +0.0002
08191 0.8917 -> 0.8919 +0.0002
08224 0.9592 -> 0.9592 +0.0000
08225 0.9601 -> 0.9601 +0.0000
08227 0.9582 -> 0.9582 +0.0000
08228 0.9576 -> 0.9576 +0.0000
08239 0.9647 -> 0.9647 +0.0000
08241 0.9610 -> 0.9610 -0.0000
08244 0.9694 -> 0.9695 +0.0001
08245 0.9690 -> 0.9691 +0.0001
08246 0.9690 -> 0.9691 +0.0001
08247 0.9664 -> 0.9663 -0.0001
08248 0.9701 -> 0.9703 +0.0002
08264 0.9379 -> 0.9379 +0.0000
08297 0.9789 -> 0.9788 -0.0001
08299 0.9752 -> 0.9749 -0.0003
08322 0.9789 -> 0.9463 -0.0327
08323 0.9792 -> 0.9463 -0.0329
08324 0.9747 -> 0.9412 -0.0335
08325 0.9797 -> 0.9487 -0.0310
08326 0.9794 -> 0.9480 -0.0314
08328 0.9712 -> 0.9705 -0.0007
08364 0.9709 -> 0.9720 +0.0011
08365 0.9709 -> 0.9720 +0.0011
08373 0.9747 -> 0.9754 +0.0007
08374 0.9747 -> 0.9754 +0.0007
08375 0.8557 -> 0.8557 -0.0000
08376 0.9784 -> 0.9839 +0.0055
08377 0.9774 -> 0.9835 +0.0060
08477 0.9614 -> 0.9616 +0.0001
08497 0.9662 -> 0.9662 -0.0000
08498 0.9501 -> 0.9500 -0.0001
08500 0.9364 -> 0.9363 -0.0000
08525 0.8994 -> 0.8993 -0.0000
08537 0.9857 -> 0.9858 +0.0001
08890 0.5552 -> 0.5552 -0.0001
08925 0.9235 -> 0.9235 +0.0000
09052 0.9783 -> 0.9783 -0.0000
09057 0.9101 -> 0.9116 +0.0016
09361 0.9599 -> 0.9599 +0.0000
09365 0.9592 -> 0.9592 +0.0000
09367 0.9602 -> 0.9602 +0.0000
09912 0.9562 -> 0.9563 +0.0001
09913 0.9553 -> 0.9554 +0.0001
09914 0.9651 -> 0.9635 -0.0016
09915 0.9541 -> 0.9544 +0.0003
09990 0.9944 -> 0.9943 -0.0000
09991 0.9847 -> 0.9847 -0.0000
00627 0.9872 -> 0.9871 -0.0001
09910 0.9289 -> 0.9284 -0.0005

scored 770: mean before 0.9273 after 0.9270; better 18, worse 14
REGRESSIONS: 12900(-0.508) 08324(-0.033) 08323(-0.033) 08322(-0.033) 00632(-0.032) 08327(-0.032) 08326(-0.031) 08325(-0.031) 08136(-0.030) 11351(-0.017) 11369(-0.016) 12007(-0.016)
