12716 0.0000 -> 0.0000 +0.0000
12723 0.4858 -> 0.5243 +0.0386
12746 - -> - 
12816 0.0000 -> 0.2340 +0.2340
12831 0.0000 -> 0.0093 +0.0093
12868 0.0000 -> 0.6529 +0.6529
12876 0.7318 -> 0.7906 +0.0588
12878 0.0000 -> 0.9244 +0.9244
12888 0.0000 -> 0.0000 -0.0000
12900 0.6938 -> 0.5961 -0.0978
12903 0.0000 -> 0.0000 +0.0000
12907 0.0000 -> 0.5857 +0.5857
12940 0.0000 -> 0.3246 +0.3246
00664 0.0000 -> 0.4937 +0.4937
00676 0.0000 -> 0.9919 +0.9919
06125 0.9067 -> 0.9424 +0.0356
06430 0.9015 -> 0.9339 +0.0324
06431 0.9576 -> 0.9749 +0.0173
06433 0.9176 -> 0.9529 +0.0353
06434 0.9118 -> 0.9472 +0.0355
06435 0.9044 -> 0.9399 +0.0355
06436 0.8988 -> 0.9342 +0.0355
06437 0.9044 -> 0.9398 +0.0355
06438 0.9219 -> 0.9575 +0.0356
06439 0.9211 -> 0.9567 +0.0356
06440 0.9215 -> 0.9571 +0.0356
06441 0.9214 -> 0.9569 +0.0355

scored 26: mean before 0.4962 after 0.6739; better 22, worse 1
REGRESSIONS: 12900(-0.098)
