02634 0.9526 -> 0.9526 -0.0000
08525 0.8993 -> 0.8994 +0.0001
10827 0.9900 -> 0.9900 -0.0000
03410 0.8955 -> 0.8955 +0.0000
12456 0.9042 -> 0.9042 +0.0000
02616 0.9106 -> 0.9106 +0.0000
00810 0.9686 -> 0.9686 +0.0000
01426 0.9289 -> 0.9292 +0.0003
07459 0.9062 -> 0.9793 +0.0732
08332 0.9733 -> 0.9733 -0.0000
11328 0.9272 -> 0.9276 +0.0004
06726 0.9806 -> 0.9807 +0.0000
03140 0.9587 -> 0.9586 -0.0001
12460 0.5520 -> 0.5520 +0.0000
01472 0.9522 -> 0.9522 +0.0000
07087 0.9356 -> 0.9373 +0.0017
10924 0.9815 -> 0.9870 +0.0055
04450 0.9312 -> 0.9312 +0.0000
11729 0.9721 -> 0.9721 -0.0000
10022 0.9363 -> 0.9363 +0.0000
03652 0.8977 -> 0.8977 +0.0000
12633 0.7939 -> 0.7939 -0.0000
02763 0.9673 -> 0.9775 +0.0102
00639 0.9854 -> 0.9851 -0.0003
06050 0.9833 -> 0.9833 +0.0000
05479 0.9028 -> 0.9028 +0.0000
08985 0.9484 -> 0.9485 +0.0001
05052 0.6621 -> 0.6621 +0.0000
06179 0.9667 -> 0.9666 -0.0000
00126 0.5602 -> 0.5602 -0.0000
09869 0.9872 -> 0.9872 +0.0000
10823 0.9900 -> 0.9899 -0.0000
12130 0.9399 -> 0.9399 +0.0000
05283 0.9166 -> 0.9166 +0.0001
00751 0.9843 -> 0.9853 +0.0010
01242 0.9853 -> 0.9854 +0.0001
01586 0.9692 -> 0.9692 -0.0001
09149 0.5101 -> 0.5103 +0.0002
02675 0.8410 -> 0.8410 -0.0000
11712 0.9668 -> 0.9667 -0.0000
00194 0.9678 -> 0.9678 +0.0000
10032 0.9748 -> 0.9748 +0.0000
08861 0.9587 -> 0.9585 -0.0002
04995 0.2699 -> 0.2699 +0.0000
09060 0.8077 -> 0.8078 +0.0001
09811 0.9664 -> 0.9664 +0.0000
00734 0.9518 -> 0.9506 -0.0012
00128 0.7797 -> 0.7797 +0.0000
04909 0.6716 -> 0.6716 -0.0000
02705 0.8943 -> 0.8943 +0.0001
00243 0.9336 -> 0.9335 -0.0001
10149 0.9835 -> 0.9835 -0.0000
08374 0.9749 -> 0.9747 -0.0002
03580 0.9781 -> 0.9784 +0.0003
11158 0.9413 -> 0.9415 +0.0002
00819 0.9842 -> 0.9849 +0.0007
02818 0.7812 -> 0.7812 +0.0000
00054 0.9691 -> 0.9691 +0.0001
02760 0.9655 -> 0.9740 +0.0084
09613 0.9098 -> 0.9088 -0.0010
03656 0.8624 -> 0.8591 -0.0033
03737 0.9858 -> 0.9861 +0.0003
03843 0.9820 -> 0.9816 -0.0004
04448 0.5303 -> 0.5303 +0.0000
11157 0.9413 -> 0.9415 +0.0002
08494 0.9276 -> 0.9367 +0.0091
12740 0.7061 -> 0.7061 -0.0000
02553 0.6610 -> 0.6610 -0.0000
10133 0.9811 -> 0.9811 +0.0001
00829 0.9310 -> 0.9874 +0.0563
01009 0.9476 -> 0.9480 +0.0004
05668 0.8718 -> 0.8713 -0.0005
06502 0.6865 -> 0.6874 +0.0010
05831 0.9095 -> 0.9154 +0.0058
00176 0.6854 -> 0.6454 -0.0400
01109 0.9021 -> 0.9021 -0.0000
06673 0.9894 -> 0.9893 -0.0000
03849 0.9100 -> 0.9104 +0.0003
03372 0.9174 -> 0.9175 +0.0001
04447 0.5488 -> 0.5488 +0.0000
06030 0.9662 -> 0.9662 -0.0000
04879 0.6686 -> 0.6688 +0.0002
08651 0.9598 -> 0.9606 +0.0008
06110 0.9218 -> 0.9218 -0.0000
02659 0.9931 -> 0.9931 +0.0000
10981 0.9607 -> 0.9869 +0.0262
07068 0.7280 -> 0.8090 +0.0810
06549 0.9635 -> 0.9635 -0.0000
09051 0.9626 -> 0.9626 +0.0000
06074 0.9894 -> 0.9894 +0.0000
03763 0.9549 -> 0.9549 -0.0000
01584 0.9510 -> 0.9511 +0.0000
12908 0.4916 -> 0.4916 -0.0000
10826 0.9913 -> 0.9912 -0.0001
02693 0.7612 -> 0.7612 +0.0000
07537 0.9765 -> 0.9765 -0.0000
07504 0.7526 -> 0.7558 +0.0032
00649 0.9812 -> 0.9814 +0.0002
12911 0.0000 -> 0.0000 +0.0000
03345 0.9799 -> 0.9799 -0.0000
09888 0.9391 -> 0.9392 +0.0001
08836 0.9901 -> 0.9901 -0.0000
12681 0.9913 -> 0.9914 +0.0001
12980 0.9316 -> 0.9333 +0.0017
10889 0.9740 -> 0.9740 +0.0000
02621 0.8977 -> 0.8974 -0.0003
12514 0.8064 -> 0.8064 -0.0000
02748 0.8975 -> 0.8976 +0.0000
12658 0.7789 -> 0.7789 +0.0000
06028 0.9737 -> 0.9737 +0.0000
03782 0.9751 -> 0.9753 +0.0001
05597 0.9932 -> 0.9934 +0.0001
04999 0.5892 -> 0.5892 -0.0000
02769 0.9771 -> 0.9784 +0.0013
12483 0.9326 -> 0.9330 +0.0004
06628 0.8839 -> 0.8847 +0.0008
00855 0.9890 -> 0.9883 -0.0006
00356 0.7607 -> 0.7610 +0.0003
08804 0.8232 -> 0.8208 -0.0023
08178 0.8111 -> 0.8101 -0.0010
07563 0.8853 -> 0.8845 -0.0008
08905 0.8739 -> 0.8738 -0.0001
12742 0.5621 -> 0.5543 -0.0078
07532 0.9909 -> 0.9909 -0.0000
02744 0.4869 -> 0.4869 -0.0000
03704 0.9889 -> 0.9892 +0.0003
02645 0.9978 -> 0.9968 -0.0010
09059 0.9287 -> 0.9288 +0.0001
02922 0.9785 -> 0.9786 +0.0001
07507 0.7164 -> 0.7200 +0.0036
00377 0.8432 -> 0.8432 +0.0000
03413 0.8068 -> 0.8042 -0.0026
00838 0.9549 -> 0.9581 +0.0032
05084 0.7833 -> 0.7833 -0.0000
04133 0.9376 -> 0.9696 +0.0320
09148 0.4752 -> 0.4752 +0.0001
03734 0.9218 -> 0.9218 +0.0000
09850 0.9705 -> 0.9774 +0.0069
06760 0.9564 -> 0.9564 -0.0000
06057 0.9872 -> 0.9872 +0.0001
05634 0.9472 -> 0.9470 -0.0002
10040 0.9555 -> 0.9555 +0.0000
03371 0.9308 -> 0.9308 -0.0000
00841 0.9799 -> 0.9797 -0.0002
06466 0.9846 -> 0.9846 +0.0000
07038 0.9755 -> 0.9756 +0.0000
09320 0.9205 -> 0.9205 -0.0000
03842 0.9356 -> 0.9364 +0.0008
01243 0.9292 -> 0.9364 +0.0073
05829 0.9181 -> 0.9275 +0.0094
12014 0.9471 -> 0.9476 +0.0005
04299 0.9494 -> 0.9488 -0.0006
09141 0.6396 -> 0.6399 +0.0003
00182 0.9373 -> 0.9373 +0.0000
00859 0.9389 -> 0.9362 -0.0028
02766 0.9883 -> 0.9878 -0.0005
07066 0.7062 -> 0.7880 +0.0818
11750 0.9677 -> 0.9689 +0.0012
02109 0.7943 -> 0.7943 +0.0000
00750 0.9843 -> 0.9853 +0.0010
12941 0.0000 -> 0.0000 -0.0000
12484 0.9278 -> 0.9282 +0.0004
10151 0.9863 -> 0.9863 +0.0000
10491 0.9390 -> 0.9387 -0.0003
05515 0.8962 -> 0.8928 -0.0034
02798 0.9924 -> 0.9924 -0.0000
08248 0.9701 -> 0.9701 +0.0001
12661 0.9858 -> 0.9858 +0.0000
08352 0.9844 -> 0.9838 -0.0006
03643 0.9481 -> 0.9478 -0.0003
07140 0.9677 -> 0.9639 -0.0038
07521 0.8854 -> 0.8849 -0.0004
09822 0.9677 -> 0.9676 -0.0002
00105 0.8554 -> 0.8554 -0.0000
08223 0.9127 -> 0.9607 +0.0480
03430 0.8934 -> 0.8935 +0.0001
09318 0.9191 -> 0.9191 -0.0000
09288 0.9473 -> 0.9476 +0.0003
08986 0.9664 -> 0.9662 -0.0002
05048 0.5505 -> 0.5505 -0.0000
09845 0.9128 -> 0.9825 +0.0697
04880 0.6675 -> 0.6675 -0.0000
06633 0.9774 -> 0.9774 -0.0000
00999 0.8430 -> 0.8430 -0.0000
08326 0.9794 -> 0.9794 -0.0000
05127 0.4085 -> 0.4085 +0.0000
03426 0.9761 -> 0.9761 +0.0000
12127 0.9390 -> 0.9387 -0.0003
01407 0.8179 -> 0.8179 -0.0000
07805 0.9731 -> 0.9737 +0.0006
07076 0.9495 -> 0.9495 +0.0000
07499 0.9595 -> 0.9622 +0.0027
06018 0.9298 -> 0.9298 +0.0001
03694 0.9491 -> 0.9491 -0.0000
09143 0.4609 -> 0.4610 +0.0001
00793 0.9890 -> 0.9890 -0.0000
06458 0.9701 -> 0.9701 +0.0000
08910 0.8953 -> 0.8953 -0.0000
00381 0.8327 -> 0.8327 +0.0000
07572 0.9512 -> 0.9675 +0.0163
05504 0.9492 -> 0.9490 -0.0002
09050 0.9319 -> 0.9319 -0.0000
04302 0.9749 -> 0.9750 +0.0001
03605 0.9736 -> 0.9739 +0.0002
11428 0.9278 -> 0.9277 -0.0001
05635 0.9905 -> 0.9905 +0.0000
08993 0.9847 -> 0.9847 -0.0000
11502 0.9694 -> 0.9694 -0.0000
03366 0.9718 -> 0.9718 +0.0000
08182 0.9699 -> 0.9699 -0.0000
00753 0.9605 -> 0.9600 -0.0004
12592 0.9809 -> 0.9809 -0.0000
02830 0.9051 -> 0.9051 +0.0000
05473 0.8931 -> 0.8931 +0.0000
03889 0.8715 -> 0.8715 +0.0000
07026 0.7863 -> 0.7862 -0.0000
02762 0.9952 -> 0.9952 -0.0000
12896 0.0000 -> 0.8761 +0.8761
10396 0.9535 -> 0.9533 -0.0001
05786 0.9125 -> 0.9178 +0.0053
11026 0.9867 -> 0.9899 +0.0032
07529 0.9813 -> 0.9812 -0.0000
00447 0.6352 -> 0.6354 +0.0002
00181 0.9501 -> 0.9501 +0.0000
08801 0.4810 -> 0.4810 +0.0000
06724 0.9176 -> 0.9247 +0.0071
12539 0.6613 -> 0.6612 -0.0000
07500 0.7683 -> 0.7718 +0.0035
08746 0.9330 -> 0.9365 +0.0035
06172 0.9950 -> 0.9953 +0.0004
07205 0.9149 -> 0.9145 -0.0004
07893 0.9764 -> 0.9763 -0.0000
05069 0.6615 -> 0.6614 -0.0000
00303 0.9818 -> 0.9819 +0.0001
09278 0.9310 -> 0.9310 -0.0000
06570 0.9191 -> 0.9191 -0.0000
00549 0.9646 -> 0.9647 +0.0001
09083 0.9516 -> 0.9677 +0.0161
03270 0.8314 -> 0.8314 +0.0000
04922 0.7857 -> 0.7857 +0.0000
04067 0.9269 -> 0.9280 +0.0011
06082 0.9632 -> 0.9632 +0.0000
08322 0.9790 -> 0.9789 -0.0000
00702 0.9755 -> 0.9754 -0.0001
10842 0.9023 -> 0.9023 -0.0001
05159 0.9454 -> 0.9459 +0.0005
04207 0.9621 -> 0.9621 +0.0000
04910 0.6698 -> 0.6698 +0.0000
08154 0.9415 -> 0.9412 -0.0002
01587 0.9513 -> 0.9513 +0.0000
03590 0.9030 -> 0.9029 -0.0002
06027 0.9608 -> 0.9609 +0.0000
06391 0.9074 -> 0.9077 +0.0003
10894 0.9375 -> 0.9374 -0.0002
01473 0.9511 -> 0.9511 -0.0000
03789 0.9693 -> 0.9694 +0.0001
01026 0.8797 -> 0.9909 +0.1112
04156 0.7561 -> 0.7547 -0.0014
08823 0.7634 -> 0.7631 -0.0003
07370 0.9609 -> 0.9593 -0.0016
02745 0.4659 -> 0.4661 +0.0002
06127 0.9989 -> 0.9990 +0.0000
06137 0.9602 -> 0.9601 -0.0001
00106 0.7779 -> 0.7779 +0.0000
08203 0.9833 -> 0.9833 +0.0000
08377 0.9632 -> 0.9774 +0.0142
09004 0.9500 -> 0.9499 -0.0001
09857 0.9304 -> 0.9299 -0.0005
03477 0.9687 -> 0.9687 +0.0000
08973 0.8254 -> 0.8253 -0.0001
09013 0.9844 -> 0.9844 +0.0000
00839 0.8828 -> 0.8841 +0.0013
02911 0.9915 -> 0.9914 -0.0002
03322 0.3125 -> 0.3126 +0.0001
09068 0.9505 -> 0.9730 +0.0225
03545 0.9909 -> 0.9909 +0.0000
02628 0.8947 -> 0.8947 +0.0000
12703 0.8430 -> 0.8430 -0.0000
02747 0.8925 -> 0.8925 +0.0000
12467 0.9405 -> 0.9406 +0.0000
02858 0.9860 -> 0.9860 +0.0000
00978 0.9242 -> 0.9242 +0.0000
05439 0.9442 -> 0.9442 -0.0000
02118 0.7799 -> 0.7799 +0.0000
05680 0.9622 -> 0.9625 +0.0002
06184 0.9937 -> 0.9937 +0.0000
06277 0.9607 -> 0.9607 +0.0000
00725 0.9528 -> 0.9528 +0.0000
02828 0.8281 -> 0.8281 +0.0000
02841 0.9038 -> 0.9040 +0.0002
06318 0.9669 -> 0.9670 +0.0001
00087 0.8013 -> 0.8014 +0.0001
06014 0.9334 -> 0.9334 -0.0000
10699 0.8455 -> 0.8455 +0.0000
06613 0.7215 -> 0.7216 +0.0001
01159 0.9562 -> 0.9562 +0.0000
10103 0.9834 -> 0.9828 -0.0006
04043 0.9805 -> 0.9805 +0.0000
00190 0.9337 -> 0.9337 -0.0000
04151 0.5153 -> 0.5168 +0.0015
00762 0.9878 -> 0.9878 -0.0000
06551 0.9813 -> 0.9813 +0.0000
00041 0.7423 -> 0.7423 +0.0000
03431 0.8445 -> 0.8445 +0.0001
08948 0.8209 -> 0.8311 +0.0102
00449 0.8300 -> 0.8301 +0.0000
06180 0.9497 -> 0.9498 +0.0001
06078 0.9654 -> 0.9654 +0.0000
12871 0.0001 -> 0.0001 -0.0000
06634 0.9799 -> 0.9799 +0.0000
10009 0.9865 -> 0.9865 -0.0000
02209 0.9848 -> 0.9847 -0.0000
09887 0.9727 -> 0.9728 +0.0001
05065 0.7996 -> 0.7996 +0.0000
05160 0.9199 -> 0.9204 +0.0005
01003 0.9281 -> 0.9282 +0.0001
11025 0.9870 -> 0.9902 +0.0032
08822 0.9435 -> 0.9438 +0.0003
09322 0.9213 -> 0.9213 +0.0000
07150 0.9675 -> 0.9677 +0.0002
02612 0.8247 -> 0.8248 +0.0000
02196 0.7542 -> 0.7542 +0.0000
01581 0.9532 -> 0.9531 -0.0000
10006 0.9771 -> 0.9728 -0.0043
07588 0.9807 -> 0.9807 -0.0000
08851 0.9587 -> 0.9585 -0.0002
02842 0.9039 -> 0.9041 +0.0002
00336 0.7780 -> 0.7781 +0.0002
08635 0.7610 -> 0.7610 +0.0000
10838 0.7937 -> 0.7938 +0.0001
07314 0.8988 -> 0.9877 +0.0889
02218 0.7689 -> 0.7689 -0.0000
00869 0.9631 -> 0.9671 +0.0039
02551 0.6264 -> 0.6264 +0.0000
02845 0.9039 -> 0.9041 +0.0002
02546 0.7884 -> 0.7884 +0.0000
09856 0.8828 -> 0.9797 +0.0969
12934 0.1187 -> 0.1188 +0.0001
00732 0.9320 -> 0.9322 +0.0002
08325 0.9798 -> 0.9797 -0.0000
12699 0.7236 -> 0.7236 +0.0000
12466 0.8728 -> 0.8724 -0.0004
11509 0.9214 -> 0.9214 +0.0000
12415 0.9298 -> 0.9298 +0.0000
00856 0.9616 -> 0.9631 +0.0015
09081 0.8887 -> 0.8930 +0.0043
07892 0.9267 -> 0.9347 +0.0080
04042 0.9760 -> 0.9761 +0.0001
02223 0.7949 -> 0.7949 +0.0000
11327 0.9364 -> 0.9368 +0.0004
09862 0.9391 -> 0.9386 -0.0005
06140 0.9403 -> 0.9403 -0.0000
02975 0.8787 -> 0.8787 +0.0000
00964 0.9569 -> 0.9569 +0.0000
08952 0.8387 -> 0.9088 +0.0700
00863 0.8780 -> 0.8790 +0.0010
00461 0.8170 -> 0.8170 +0.0000
06686 0.9827 -> 0.9827 +0.0000
08996 0.9801 -> 0.9797 -0.0004
07254 0.9926 -> 0.9925 -0.0000
01195 0.7393 -> 0.7460 +0.0067
08779 0.8964 -> 0.9017 +0.0053
06337 0.9231 -> 0.9247 +0.0016
05014 0.5366 -> 0.5366 +0.0000
00823 0.7720 -> 0.7727 +0.0007
09867 0.9116 -> 0.9333 +0.0217
11775 0.9792 -> 0.9785 -0.0007
06033 0.9541 -> 0.9541 -0.0000
12472 0.9071 -> 0.9076 +0.0005
06062 0.9786 -> 0.9787 +0.0000
01374 0.9872 -> 0.9872 +0.0000
11441 0.9272 -> 0.9276 +0.0004
01437 0.9815 -> 0.9815 -0.0000
00776 0.9580 -> 0.9603 +0.0023
03414 0.9499 -> 0.9499 -0.0000
00852 0.9502 -> 0.9520 +0.0018
06046 0.9841 -> 0.9841 -0.0000
08184 0.9306 -> 0.9313 +0.0008
02160 0.8178 -> 0.8178 +0.0000
12545 0.9532 -> 0.9532 +0.0000
10403 0.9066 -> 0.9072 +0.0006
03641 0.9852 -> 0.9851 -0.0001
04293 0.9528 -> 0.9528 -0.0000
08997 0.9379 -> 0.9373 -0.0006
03405 0.8637 -> 0.8637 -0.0000
08979 0.9651 -> 0.9653 +0.0003
12776 0.5061 -> 0.5060 -0.0001
05598 0.9936 -> 0.9937 +0.0001
00625 0.9784 -> 0.9785 +0.0001
06199 0.9667 -> 0.9667 +0.0000
00364 0.6194 -> 0.6192 -0.0003
12781 0.5042 -> 0.5043 +0.0000
01443 0.9746 -> 0.9746 -0.0000
06592 0.8763 -> 0.8763 +0.0000
12662 0.6750 -> 0.6749 -0.0001
00197 0.8837 -> 0.8837 -0.0000
06123 0.9437 -> 0.9428 -0.0009
06572 0.8409 -> 0.8409 -0.0000
04848 0.8838 -> 0.8820 -0.0018
03027 0.8934 -> 0.8934 +0.0000

scored 400: mean before 0.8800 after 0.8847; better 32, worse 2
REGRESSIONS: 00176(-0.040)
