00861
01790
07144
00839
00855
11869
07554
11741
11506
07460
11684
02367
01983
07574
00645
01793
02429
01712
07526
00608
00679
02023
02446
11314
02397
00747
00544
08139
02391
01708
06698
01986
11500
01863
08978
00748
01690
12901
01652
06676
11882
08367
02240
01521
07638
12638
08333
07141
11740
11673
02408
01931
00648
08262
10151
11316
11428
10879
01769
11442
02815
00859
02478
06993
11363
11384
00604
10834
02983
07466
11449
12637
00577
01982
01912
11690
11859
01713
01812
02385
02100
00663
11176
01980
01710
11423
01626
01709
02388
11744
02452
00719
10825
02274
07468
00826
11030
07577
10144
11534
06697
08107
07553
06686
02034
01976
10131
10737
01946
02891
07600
11682
12617
01583
02512
08366
01810
02510
11216
07579
11224
00757
02988
07477
11503
02036
01677
06321
02020
06990
11381
02647
02941
00590
09908
11424
01730
08223
01880
01608
00916
10891
04831
01579
02095
02432
10132
03618
00854
00691
00639
07592
11349
01907
02093
00709
01767
04796
08476
10919
07524
00486
08524
11223
10534
01768
01955
11509
11217
08499
06644
10546
01888
07039
02927
07587
11443
02767
01781
01787
01817
01586
11649
10824
07436
01981
08136
08979
09801
01676
07608
01883
02498
07370
11377
02887
01698
01749
11569
07471
08192
01842
03038
00636
01686
00754
01815
07448
02327
01313
01685
11026
08327
02511
11208
02021
01844
07084
02925
08179
07140
03056
00632
07459
01773
01987
07555
00622
07455
07446
11680
08352
02437
07563
11681
10184
01802
00638
00824
07480
07096
09368
10914
01747
02449
11380
02362
11486
11427
02928
10003
11417
01764
07452
00637
00737
10178
02465
10923
01682
10924
01990
04829
11777
11389
02875
03009
07473
01585
00702
00870
00064
02487
03666
02024
07101
07085
11027
10901
11508
12900
10896
00851
11258
10791
00773
02398
10149
07544
01761
02898
01891
12864
02405
01771
07434
02237
11997
07138
02778
11437
08159
02823
01703
03065
06312
04629
07534
10835
07061
01732
07204
02966
11870
01962
01753
11414
02816
01824
01746
01956
02424
02939
11391
01989
01750
01975
02099
11415
08362
10746
00706
10142
07584
00793
08359
01918
02494
10391
10148
01552
06961
02431
11435
00823
12939
08263
02763
00630
11376
04620
12681
11538
01760
00683
06992
00909
01734
02035
01752
02859
02459
07203
04586
01908
02998
10916
07433
07543
01518
00612
07507
07139
07499
06720
09380
11479
00725
02238
02426
02094
02273
10954
11462
00829
08845
02387
02462
02505
07562
06673
00825
10133
08360
02895
01587
11676
02407
07597
01748
10004
10009
10010
10071
10072
10162
10313
10850
10851
10855
10856
10878
10885
10894
10897
10902
10911
10981
11213
11222
11236
11247
11259
11315
11342
11343
11351
11369
11370
11387
11388
11406
11407
11409
11410
11422
11425
11426
11429
11432
11433
11434
11438
11439
11446
11447
11448
11450
11454
11455
11456
11510
11511
11520
11533
11535
11536
11594
11616
11617
11618
11619
11648
11883
12007
12008
12014
12015
12640
12776
12795
12860
12905
12908
00099
00485
00488
00489
00490
00491
00543
00576
00578
00595
00649
00687
00689
00690
00727
00728
00729
00730
00731
00732
00734
00736
00740
00741
00742
00745
00752
00753
00756
00770
00771
00772
00774
00777
00811
00827
00828
00832
00836
00837
00838
00841
00849
00852
00853
00856
00860
00862
00863
00869
00915
01519
01520
01578
01580
01581
01584
01733
01839
01840
01843
01845
01873
02041
02235
02239
02268
02271
02306
02307
02313
02314
02318
02326
02363
02364
02365
02366
02378
02379
02393
02394
02396
02399
02402
02409
02410
02427
02433
02434
02435
02436
02442
02443
02448
02483
02484
02485
02493
02496
02497
02501
02502
02506
02507
02508
02517
02741
02874
02876
02892
02893
02894
02897
02899
02901
02902
02934
02935
02936
02937
02938
02942
03283
03284
04268
04593
04604
04615
04621
05112
06313
06315
06316
06317
06318
06319
06320
06322
06323
06324
06326
06327
06328
06329
06330
06343
06654
06661
06726
06727
06946
06947
07036
07037
07038
07046
07047
07074
07075
07076
07077
07078
07079
07080
07081
07083
07091
07092
07094
07112
07113
07133
07137
07368
07369
07371
07372
07426
07427
07435
07442
07443
07449
07450
07451
07453
07454
07456
07457
07461
07465
07467
07470
07472
07513
07516
07517
07535
07536
07572
07573
07575
07576
07578
07580
07581
07583
07585
07586
07588
07589
07590
07591
07594
07595
07596
07598
07599
07601
07602
07603
07605
07606
07607
07613
07614
07615
07616
07617
08106
08108
08137
08138
08140
08153
08154
08178
08180
08181
08183
08184
08185
08186
08187
08188
08189
08190
08191
08224
08225
08227
08228
08239
08241
08244
08245
08246
08247
08248
08264
08297
08299
08322
08323
08324
08325
08326
08328
08364
08365
08373
08374
08375
08376
08377
08477
08497
08498
08500
08525
08537
08890
08925
09052
09057
09361
09365
09367
09912
09913
09914
09915
09990
09991
00627
09910
